638370
638290
638434
638338
638306
638130
638498
638466
638082
638402
638226
638530
638562
638594
638626
638658
638690
638722
638786
638754
638818
638850
638914
638882
638946
638978
639010
639042
639074
639106
639138
639202
639234
639170
639266
639298
639330
639362
639394
639426
639522
639458
639490
639554
639586
639618
639650
639682
639714
639746
639778
639810
639842
639874
639906
639938
639970
640002
640034
640066
640098
640130
640162
640194
640226
640290
640258
640322
640386
640354
640418
640482
640450
640514
640546
640578
640610
640642
640674
640706
640738
640770
640802
640834
640866
640930
640898
640962
640994
641026
641090
641058
641122
641186
641154
641218
641250
641282
641314
641346
641378
641410
641442
641474
641506
641538
641570
641602
641634
641666
641698
641730
641762
641794
641826
641858
641890
641922
641954
641986
642018
642050
642114
642082
642146
642178
642210
642274
642242
642306
642338
642370
642402
642434
642466
642498
642530
642594
642562
642626
642658
642690
642722
642754
642786
642818
642850
642882
642914
642978
642946
643010
643074
643042
643106
643138
643170
643202
643266
643234
643298
643330
643362
643394
643426
643458
643522
643490
643554
643586
643618
643650
643682
643714
643746
643778
643810
643842
643874
643906
643938
643970
644002
644066
644034
644098
644130
644162
644194
644226
644258
644290
644322
644354
644386
644418
644450
644546
644514
644482
644610
644578
644642
644674
644706
644738
644770
644802
644866
644834
644898
644930
644962
644994
645026
645058
645090
645154
645122
645218
645186
645250
645282
645314
645346
645378
645410
645474
645442
645538
645506
645570
645602
645634
645666
645698
645730
645762
645794
645826
645858
645890
645954
645922
645986
646018
646050
646082
646114
646146
646178
646210
646242
646274
646306
646338
646402
646370
646434
646466
646530
646562
646498
646658
646594
646690
646626
646722
646754
646786
646818
646850
646882
646914
646978
646946
647010
647042
647074
647106
647138
647170
647202
647234
647266
647298
647330
647426
647394
647362
647458
647490
647554
647522
647586
647618
647650
647682
647714
647746
647778
647810
647842
647874
647906
647938
647970
648002
648034
648066
648098
648130
648162
648194
648226
648258
648322
648290
648354
648386
648418
648450
648482
648514
648546
648578
648610
648642
648674
648706
648738
648770
648802
648834
648866
648898
648930
648962
648994
649026
649058
649090
649122
649154
649186
649218
649250
649282
649346
649314
649378
649410
649442
649474
649506
649538
649570
649602
649666
649634
649730
649762
649698
649794
649826
649858
649890
649922
649954
649986
650050
650018
650082
650114
650146
650178
650210
650242
650274
650306
650338
650370
650402
650434
650466
650498
650530
650562
650594
650626
650658
650690
650722
650754
650786
650818
650850
650882
650914
650978
650946
651010
651042
651074
651106
651138
651202
651170
651234
651266
651298
651330
651362
651394
651522
651426
651490
651458
651554
651586
651650
651618
651682
651746
651714
651778
651810
651842
651874
651938
651906
651970
652002
652034
652066
652098
652130
652162
652194
652226
652258
652290
652322
652354
652386
652418
652450
652482
652546
652514
652642
652610
652578
652674
652706
652738
652770
652802
652834
652898
652866
652930
652962
652994
653058
653090
653026
653122
653154
653186
653218
653250
653282
653314
653346
653378
653410
653442
653474
653506
653538
653570
653634
653602
653698
653666
653762
653730
653794
653826
653858
653922
653890
653954
653986
654018
654050
654082
654146
654114
654178
654210
654242
654274
654306
654338
654402
654370
654434
654466
654498
654530
654562
654594
654658
654626
654690
654722
654754
654818
654786
654850
654882
654946
654914
654978
655010
655042
655074
655106
655138
655234
655266
655170
655202
655330
655298
655362
655394
655426
655458
655490
655522
655554
655618
655586
655650
655682
655746
655714
655778
655810
655842
655874
655906
655938
655970
656002
656034
656066
656098
656130
656162
656194
656258
656226
656290
656354
656322
656386
656450
656418
656482
656514
656546
656578
656674
656642
656610
656706
656770
656738
656802
656834
656866
656898
656930
656994
656962
657026
657090
657058
657122
657186
657154
657218
657250
657282
657314
657346
657378
657410
657442
657474
657506
657538
657570
657602
657634
657666
657698
657730
657762
657794
657826
657858
657890
657922
657954
657986
658018
658050
658114
658082
658146
658178
658210
658274
658242
658306
658338
658370
658402
658434
658466
658498
658530
658562
658594
658626
658658
658690
658722
658754
658786
658818
658850
658882
658914
658946
658978
659010
659042
659074
659106
659138
659202
659170
659234
659298
659266
659330
659362
659394
659426
659490
659458
659554
659522
659650
659586
659618
659682
659714
659746
659778
659810
659842
659874
659906
659938
660002
659970
660034
660066
660098
660130
660162
660194
660226
660258
660290
660322
660354
660386
660418
660450
660482
660546
660514
660578
660610
660642
660674
660706
660738
660770
660802
660834
660866
660898
660930
660962
660994
661026
661058
661090
661122
661154
661186
661218
661250
661314
661282
661346
661410
661378
661442
661474
661538
661506
661570
661602
661634
661666
661730
661698
661762
661794
661826
661890
661858
661922
661954
662018
661986
662050
662082
662114
662146
662178
662210
662274
662242
662306
662338
662370
662402
662434
662466
662530
662498
662562
662594
662626
662658
662690
662722
662754
662786
662818
662850
662882
662914
662946
662978
663042
663010
663074
663106
663138
663170
663202
663234
663266
663298
663330
663362
663394
663426
663458
663490
663522
663554
663586
663618
663650
663714
663682
663746
663778
663810
663842
663906
663874
663970
663938
664034
664002
664066
664098
664130
664162
664226
664194
664258
664290
664354
664322
664418
664386
664450
664482
664514
664546
664578
664610
664642
664674
664706
664738
664770
664834
664802
664866
664898
664930
664962
664994
665026
665058
665090
665122
665154
665186
665218
665250
665282
665346
665314
665442
665378
665410
665474
665506
665538
665570
665602
665634
665666
665698
665730
665762
665794
665826
665858
665890
665922
665954
665986
666018
666050
666082
666146
666114
666178
666242
666210
666274
666306
666338
666370
666402
666466
666434
666498
666562
666530
666594
666626
666658
666690
666722
666754
666786
666818
666882
666914
666850
666946
666978
667010
667042
667074
667106
667138
667170
667234
667202
667266
667298
667330
667362
667394
667426
667458
667522
667554
667490
667586
667618
667650
667682
667714
667746
667778
667810
667842
667874
667938
667906
667970
668002
668034
668066
668098
668130
668162
668194
668226
668290
668258
668322
668354
668386
668418
668450
668482
668514
668546
668578
668610
668642
668674
668706
668738
668770
668802
668834
668866
668898
668930
668962
668994
669026
669058
669090
669122
669154
669186
669218
669250
669314
669282
669346
669378
669410
669474
669442
669506
669570
669538
669634
669602
669666
669698
669730
669762
669794
669826
669858
669890
669922
669954
669986
670018
670082
670050
670114
670146
670178
670242
670210
670338
670306
670274
670370
670402
670466
670498
670434
670530
670562
670594
670626
670690
670658
670722
670754
670786
670818
670850
670882
670914
670946
670978
671010
671042
671074
671106
671170
671138
671234
671202
671266
671298
671330
671394
671362
671458
671426
671490
671522
671554
671586
671618
671650
671682
671714
671746
671810
671778
671842
671874
671906
671938
672034
671970
672002
672066
672098
672130
672162
672194
672226
672290
672258
672322
672386
672418
672354
672482
672450
672514
672546
672578
672642
672610
672674
672706
672738
672770
672802
672834
672866
672898
672930
672962
672994
673026
673058
673090
673122
673186
673154
673218
673250
673314
673282
673378
673346
673410
673442
673474
673538
673506
673570
673602
673634
673666
673698
673730
673762
673794
673826
673858
673890
673922
673954
674018
673986
674082
674050
674114
674146
674178
674210
674242
674306
674274
674338
674370
674402
674434
674498
674466
674530
674594
674562
674658
674626
674722
674690
674754
674786
674818
674850
674882
674914
674946
674978
675010
675042
675074
675106
675138
675170
675234
675202
675266
675298
675330
675362
675394
675426
675458
675490
675522
675554
675586
675618
675650
675682
675714
675746
675778
675810
675874
675842
675906
675938
675970
676002
676066
676034
676098
676162
676130
676194
676226
676258
676290
676322
676354
676386
676418
676450
676482
676514
676546
676578
676610
676642
676674
676706
676738
676802
676770
676834
676866
676898
676930
676962
676994
677026
677090
677058
677122
677154
677186
677218
677250
677282
677346
677314
677378
677410
677442
677474
677506
677538
677570
677602
677666
677634
677698
677730
677762
677794
677858
677826
677922
677890
677954
678050
678018
677986
678082
678114
678146
678178
678210
678242
678306
678274
678338
678370
678402
678434
678466
678498
678530
678562
678594
678626
678658
678690
678722
678754
678786
678818
678850
678882
678946
678914
678978
679010
679042
679074
679106
679138
679170
679202
679234
679266
679298
679330
679362
679394
679426
679458
679490
679522
679554
679618
679586
679650
679714
679682
679746
679778
679810
679842
679874
679906
679938
679970
680002
680034
680066
680098
680130
680162
680194
680226
680258
680290
680322
680354
680386
680450
680418
680482
680514
680546
680578
680610
680642
680674
680706
680738
680770
680802
680834
680866
680898
680962
680930
680994
681026
681058
681090
681122
681154
681186
681218
681250
681282
681314
681346
681378
681410
681442
681506
681474
681538
681602
681570
681634
681666
681698
681730
681794
681762
681826
681858
681890
681922
681986
681954
682018
682050
682082
682114
682146
682178
682210
682242
682274
682306
682338
682370
682402
682434
682466
682498
682594
682530
682562
682626
682658
682690
682722
682754
682786
682882
682850
682818
682914
682946
682978
683042
683010
683074
683106
683138
683170
683202
683234
683266
683298
683330
683362
683394
683426
683458
683490
683522
683554
683586
683618
683650
683682
683714
683746
683778
683810
683842
683874
683938
683906
683970
684002
684066
684034
684098
684130
684162
684194
684258
684226
684290
684354
684322
684386
684418
684450
684514
684482
684546
684610
684578
684642
684674
684706
684738
684770
684834
684802
684866
684898
684930
684962
684994
685026
685058
685090
685122
685154
685186
685218
685250
685282
685314
685346
685378
685410
685442
685474
685506
685538
685570
685634
685602
685666
685698
685762
685730
685794
685826
685858
685890
685922
685954
685986
686018
686050
686082
686114
686146
686178
686210
686242
686274
686306
686338
686370
686434
686402
686466
686498
686530
686562
686594
686626
686658
686690
686722
686754
686786
686818
686850
686882
686914
686946
686978
687010
687074
687042
687106
687138
687170
687202
687266
687234
687298
687362
687330
687394
687426
687490
687458
687522
687554
687586
687618
687650
687682
687714
687746
687810
687778
687842
687906
687874
687938
687970
688002
688034
688098
688066
688130
688162
688194
688226
688290
688258
688322
688386
688354
688418
688450
688482
688514
688546
688578
688610
688642
688674
688706
688738
688802
688770
688834
688866
688898
688930
688962
688994
689026
689058
689090
689122
689154
689186
689218
689250
689282
689346
689314
689410
689378
689442
689506
689474
689538
689570
689602
689634
689698
689666
689730
689762
689794
689826
689858
689890
689922
689954
689986
690018
690050
690082
690114
690146
690178
690210
690242
690274
690306
690338
690370
690402
690434
690466
690498
690530
690562
690594
690626
690658
690690
690722
690754
690786
690818
690850
690882
690914
691010
690978
690946
691042
691074
691106
691138
691170
691202
691234
691266
691298
691330
691362
691394
691426
691458
691490
691522
691554
691586
691618
691682
691650
691714
691746
691778
691874
691842
691810
691906
691938
691970
692002
692034
692066
692098
692130
692162
692194
692226
692258
692290
692322
692354
692386
692418
692450
692482
692514
692546
692578
692610
692642
692674
692706
692738
692802
692770
692834
692866
692898
692930
692962
692994
693058
693026
693090
693122
693154
693186
693250
693218
693282
693314
693346
693378
693410
693442
693474
693506
693538
693570
693602
693634
693666
693698
693730
693794
693762
693826
693858
693922
693954
693890
693986
694018
694050
694114
694082
694146
694178
694210
694242
694274
694306
694338
694370
694402
694434
694498
694466
694530
694562
694594
694626
694658
694690
694722
694754
694786
694818
694850
694882
694978
694914
694946
695074
695010
695106
695042
695138
695170
695202
695234
695266
695298
695362
695330
695394
695426
695458
695490
695522
695554
695586
695618
695650
695682
695714
695746
695778
695810
695842
695874
695906
695938
695970
696002
696034
696066
696098
696162
696194
696130
696226
696258
696322
696290
696354
696386
696418
696450
696482
696546
696514
696578
696610
696642
696674
696706
696738
696802
696770
696866
696834
696930
696898
696962
697026
696994
697058
697090
697122
697154
697186
697218
697250
697282
697314
697346
697378
697410
697442
697474
697506
697538
697570
697602
697634
697666
697698
697730
697762
697794
697826
697858
697890
697922
697954
697986
698018
698050
698114
698146
698082
698178
698210
698242
698274
698306
698402
698338
698370
698434
698498
698466
698530
698562
698594
698626
698658
698690
698722
698754
698818
698786
698850
698882
698914
698946
698978
699010
699042
699074
699106
699138
699170
699202
699234
699266
699298
699362
699330
699394
699426
699458
699490
699522
699586
699554
699618
699650
699682
699714
699746
699778
699810
699842
699874
699906
699938
699970
700002
700066
700034
700098
700130
700162
700194
700226
700258
700322
700290
700354
700386
700450
700418
700482
700514
700546
700578
700610
700642
700674
700706
700738
700770
700802
700834
700866
700898
700930
700962
700994
701058
701026
701090
701122
701154
701186
701218
701250
701282
701314
701378
701346
701410
701442
701474
701506
701538
701570
701602
701634
701666
701698
701730
701762
701794
701826
701858
701890
701922
701954
701986
702018
702050
702082
702114
702146
702178
702210
702242
702306
702274
702338
702370
702402
702434
702466
702530
702498
702562
702594
702626
702658
702690
702722
702754
702786
702818
702882
702850
702914
702946
703010
702978
703042
703074
703106
703138
703266
703170
703202
703234
703298
703330
703362
703394
703426
703458
703490
703522
703554
703618
703586
703682
703746
703650
703714
703778
703810
703842
703874
703906
703938
703970
704002
704034
704066
704098
704130
704162
704194
704226
704258
704290
704322
704386
704354
704418
704450
704546
704514
704482
704578
704642
704610
704674
704706
704738
704770
704802
704834
704866
704898
704930
704962
704994
705026
705058
705090
705122
705154
705186
705218
705250
705282
705314
705346
705410
705378
705442
705474
705506
705538
705570
705602
705634
705666
705698
705730
705762
705794
705826
705858
705890
705922
705954
705986
706018
706050
706082
706114
706146
706178
706210
706242
706306
706274
706338
706402
706434
706370
706466
706530
706498
706562
706594
706626
706658
706690
706722
706754
706786
706850
706818
706882
706914
706946
706978
707010
707042
707074
707106
707138
707170
707202
707234
707266
707298
707330
707362
707394
707426
707458
707490
707522
707554
707586
707650
707618
707682
707746
707714
707778
707842
707810
707874
707906
707938
707970
708002
708034
708066
708098
708130
708162
708194
708226
708258
708290
708322
708354
708418
708386
708482
708514
708450
708546
708578
708610
708674
708642
708706
708738
708770
708802
708834
708898
708866
708930
708994
708962
709026
709058
709090
709122
709154
709186
709218
709250
709314
709282
709346
709378
709410
709442
709506
709474
709538
709570
709602
709634
709666
709698
709730
709762
709794
709826
709858
709890
709922
709954
709986
710018
710050
710082
710114
710146
710178
710242
710210
710274
710306
710338
710370
710434
710466
710402
710530
710498
710562
710594
710626
710658
710690
710722
710754
710818
710786
710850
710882
710914
710946
710978
711010
711074
711042
711106
711138
711170
711202
711234
711266
711298
711330
711362
711394
711458
711426
711490
711522
711586
711554
711618
711650
711682
711714
711778
711746
711810
711842
711906
711874
711938
711970
712002
712034
712066
712130
712098
712162
712194
712226
712290
712258
712354
712322
712386
712418
712450
712482
712514
712546
712578
712610
712642
712674
712706
712738
712770
712802
712834
712866
712898
712930
712994
712962
713026
713058
713090
713122
713154
713218
713186
713250
713282
713346
713314
713378
713442
713410
713474
713538
713506
713570
713602
713634
713698
713666
713730
713762
713794
713826
713858
713890
713922
713954
714018
713986
714050
714082
714114
714146
714210
714178
714242
714274
714306
714370
714338
714402
714434
714466
714498
714530
714562
714594
714658
714626
714690
714722
714754
714786
714818
714850
714882
714914
714946
714978
715010
715042
715074
715106
715138
715170
715202
715234
715266
715298
715362
715330
715426
715394
715458
715490
715522
715554
715586
715618
715650
715682
715714
715746
715778
715810
715842
715874
715938
715906
715970
716002
716034
716066
716098
716130
716162
716194
716226
716290
716258
716322
716354
716418
716386
716450
716482
716514
716546
716578
716610
716674
716642
716706
716738
716770
716802
716834
716866
716898
716930
716962
716994
717026
717058
717122
717090
717154
717186
717218
717250
717282
717314
717346
717378
717410
717442
717474
717506
717538
717570
717602
717634
717666
717698
717730
717762
717794
717826
717858
717890
717922
717954
717986
718018
718050
718114
718082
718146
718178
718210
718242
718274
718306
718338
718370
718402
718434
718498
718530
718466
718562
718594
718626
718658
718690
718722
718754
718818
718786
718850
718882
718914
718946
718978
719042
719010
719074
719106
719138
719170
719202
719234
719298
719266
719330
719362
719394
719426
719458
719490
719522
719554
719586
719618
719682
719650
719746
719714
719778
719810
719842
719874
719906
719938
719970
720002
720034
720066
720130
720098
720162
720194
720226
720258
720290
720354
720386
720322
720418
720450
720482
720546
720514
720578
720610
720642
720674
720706
720738
720770
720802
720866
720834
720898
720930
720962
721058
720994
721026
721090
721154
721122
721186
721218
721250
721282
721314
721346
721378
721410
721442
721474
721506
721538
721602
721570
721634
721698
721666
721730
721762
721794
721826
721858
721890
721922
721954
721986
722018
722050
722114
722082
722146
722210
722178
722242
722274
722306
722338
722370
722434
722466
722402
722498
722530
722562
722594
722658
722626
722690
722754
722786
722722
722818
722850
722882
722914
722946
722978
723010
723074
723042
723106
723138
723170
723202
723266
723234
723298
723330
723362
723394
723426
723490
723458
723522
723554
723586
723618
723650
723682
723714
723746
723778
723810
723874
723842
723906
723938
724002
723970
724034
724066
724098
724130
724162
724194
724226
724258
724322
724290
724386
724354
724418
724450
724482
724514
724546
724578
724610
724642
724706
724674
724738
724770
724802
724834
724866
724898
724930
724994
724962
725026
725058
725090
725122
725186
725154
725250
725218
725282
725314
725346
725378
725410
725474
725442
725538
725570
725506
725602
725634
725666
725698
725730
725762
725794
725826
725858
725890
725922
725954
725986
726066
726034
726098
726130
726162
726194
726226
726258
726290
726322
726354
726386
726418
726482
726514
726450
726546
726578
726610
726642
726674
726706
726738
726770
726802
726834
726866
726898
726930
726962
726994
727058
727026
727090
727122
727154
727186
727218
727250
727282
727314
727442
727378
727346
727410
727506
727474
727538
727570
727634
727602
727666
727698
727762
727730
727794
727826
727858
727890
727922
727986
727954
728018
728050
728082
728114
728146
728178
728210
728242
728274
728338
728306
728370
728402
728434
728466
728498
728530
728562
728626
728594
728658
728690
728722
728754
728786
728850
728818
728882
728914
728946
728978
729010
729074
729042
729138
729106
729170
729202
729234
729266
729298
729330
729362
729394
729458
729426
729490
729522
729554
729586
729618
729650
729714
729682
729746
729778
729810
729842
729874
729906
729938
729970
730034
730002
730098
730066
730130
730194
730162
730226
730258
730290
730322
730354
730386
730418
730450
730482
730514
730546
730578
730706
730610
730674
730642
730738
730802
730770
730834
730866
730898
730930
730962
730994
731026
731058
731090
731122
731154
731186
731218
731250
731282
731314
731346
731378
731410
731474
731442
731506
731538
731570
731602
731634
731666
731730
731698
731762
731794
731826
731858
731890
731922
731954
731986
732018
732050
732082
732114
732146
732178
732210
732242
732274
732306
732338
732370
732402
732434
732466
732498
732530
732562
732594
732626
732658
732690
732754
732786
732722
732818
732850
732882
732914
732946
732978
733010
733042
733074
733106
733138
733170
733202
733234
733266
733298
733330
733362
733426
733394
733458
733490
733522
733554
733586
733618
733682
733650
733714
733778
733746
733810
733842
733874
733906
733938
734002
733970
734034
734130
734098
734066
734162
734226
734194
734290
734258
734322
734354
734386
734418
734450
734482
734514
734546
734578
734610
734642
734674
734706
734738
734770
734834
734802
734898
734866
734930
734962
734994
735026
735058
735090
735154
735122
735186
735218
735250
735282
735314
735346
735378
735410
735442
735474
735506
735538
735570
735602
735634
735666
735698
735730
735762
735794
735826
735858
735890
735954
735922
735986
736018
736050
736082
736146
736114
736178
736210
736242
736274
736306
736338
736402
736370
736466
736434
736498
736530
736562
736594
736626
736658
736690
736754
736722
736786
736818
736882
736850
736914
736946
736978
737010
737042
737074
737106
737138
737170
737202
737234
737266
737298
737330
737362
737394
737426
737458
737490
737522
737554
737618
737586
737650
737682
737714
737746
737778
737810
737842
737874
737906
737938
737970
738002
738034
738066
738098
738130
738162
738194
738226
738258
738290
738322
738354
738386
738418
738450
738482
738514
738578
738546
738610
738642
738674
738706
738738
738770
738802
738834
738866
738898
738930
738962
738994
739058
739026
739090
739154
739122
739186
739218
739250
739282
739314
739346
739378
739410
739442
739474
739506
739538
739570
739602
739634
739666
739698
739730
739762
739794
739826
739858
739890
739922
739986
739954
740018
740050
740082
740114
740146
740178
740210
740242
740274
740306
740338
740370
740402
740434
740466
740498
740530
740594
740626
740562
740658
740690
740722
740754
740786
740850
740818
740882
740914
740978
740946
741010
741042
741074
741106
741138
741202
741170
741234
741266
741298
741330
741394
741362
741426
741458
741490
741586
741522
741554
741650
741618
741682
741714
741746
741778
741810
741842
741906
741874
741938
741970
742002
742034
742066
742130
742098
742162
742194
742258
742226
742290
742322
742354
742386
742418
742450
742482
742514
742546
742578
742610
742674
742642
742706
742738
742770
742802
742834
742866
742930
742898
742962
742994
743026
743058
743090
743122
743154
743186
743218
743250
743314
743282
743346
743378
743442
743410
743474
743506
743538
743570
743602
743634
743666
743698
743730
743762
743826
743794
743858
743890
743922
743954
743986
744018
744082
744050
744114
744146
744210
744178
744274
744242
744306
744338
744370
744402
744434
744466
744498
744530
744562
744594
744658
744690
744626
744722
744754
744786
744818
744882
744850
744914
744946
744978
745010
745074
745042
745106
745138
745170
745202
745234
745266
745298
745330
745362
745394
745426
745458
745490
745522
745554
745586
745618
745650
745682
745714
745746
745810
745778
745842
745906
745874
745938
745970
746002
746034
746066
746098
746130
746162
746194
746226
746258
746290
746322
746354
746386
746418
746450
746482
746514
746546
746578
746610
746642
746674
746706
746738
746770
746802
746834
746866
746898
746930
746962
746994
747026
747058
747090
747154
747122
747186
747250
747218
747282
747346
747314
747410
747378
747442
747474
747506
747538
747570
747602
747634
747666
747698
747730
747762
747794
747858
747890
747826
747922
747986
747954
748018
748082
748050
748114
748146
748178
748210
748242
748274
748338
748306
748402
748370
748466
748434
748498
748530
748562
748626
748594
748658
748690
748722
748754
748786
748818
748882
748850
748914
748946
748978
749010
749042
749074
749106
749138
749170
749202
749234
749330
749298
749266
749362
749394
749458
749426
749490
749522
749554
749586
749650
749618
749714
749682
749746
749778
749810
749842
749906
749874
749970
749938
750002
750034
750066
750130
750098
750162
750194
750226
750258
750290
750322
750354
750418
750386
750450
750482
750514
750546
750578
750610
750642
750674
750706
750770
750738
750834
750802
750866
750898
750930
750994
750962
751026
751058
751122
751090
751186
751154
751218
751250
751282
751314
751346
751378
751442
751410
751506
751474
751538
751602
751634
751570
751666
751730
751698
751762
751794
751826
751858
751922
751890
751954
751986
752050
752018
752082
752114
752146
752210
752178
752274
752242
752306
752370
752338
752402
752434
752466
752498
752530
752562
752594
752626
752658
752690
752722
752754
752786
752850
752818
752882
752914
752946
752978
753010
753042
753074
753106
753138
753170
753202
753234
753298
753266
753330
753394
753362
753426
753458
753490
753522
753554
753586
753618
753650
753682
753714
753746
753778
753810
753842
753874
753906
753970
753938
754002
754066
754034
754130
754098
754162
754194
754226
754258
754290
754322
754354
754386
754450
754418
754514
754482
754546
754610
754578
754642
754674
754706
754770
754802
754738
754866
754834
754898
754930
754962
754994
755026
755058
755090
755154
755122
755186
755218
755250
755282
755314
755346
755378
755410
755442
755474
755506
755538
755570
755602
755634
755666
755698
755730
755762
755794
755826
755858
755890
755922
755954
755986
756018
756082
756050
756114
756146
756210
756178
756242
756274
756306
756338
756370
756402
756434
756466
756498
756562
756530
756594
756626
756658
756690
756722
756754
756786
756818
756882
756850
756914
756946
756978
757010
757042
757074
757106
757138
757170
757202
757234
757266
757298
757330
757362
757394
757426
757458
757490
757522
757554
757586
757650
757618
757714
757682
757746
757778
757810
757842
757874
757938
757906
757970
758002
758034
758066
758098
758162
758130
758226
758194
758258
758290
758322
758354
758386
758418
758450
758482
758546
758610
758514
758578
758642
758674
758706
758738
758770
758834
758802
758866
758898
758930
758962
758994
759026
759058
759090
759122
759154
759186
759218
759250
759282
759314
759346
759378
759410
759442
759474
759506
759538
759570
759602
759634
759666
759698
759730
759762
759794
759826
759858
759890
759922
759954
759986
760018
760050
760082
760114
760146
760178
760210
760274
760242
760306
760338
760370
760402
760434
760466
760498
760530
760562
760594
760626
760658
760690
760722
760754
760786
760818
760850
760882
760914
760946
761010
760978
761042
761074
761106
761138
761170
761202
761234
761266
761362
761298
761330
761394
761426
761490
761458
761522
761554
761586
761618
761650
761682
761714
761778
761746
761874
761810
761842
761906
761938
761970
762002
762034
762066
762098
762130
762162
762194
762226
762258
762354
762290
762322
762386
762418
762482
762450
762514
762578
762546
762642
762610
762674
762706
762738
762770
762802
762834
762866
762898
762930
762994
763026
762962
763058
763090
763122
763154
763186
763218
763250
763346
763314
763282
763378
763410
763474
763442
763506
763538
763570
763602
763634
763666
763698
763730
763762
763826
763794
763858
763922
763890
763954
764018
763986
764082
764050
764114
764146
764178
764210
764274
764242
764306
764338
764370
764402
764434
764466
764498
764530
764562
764594
764658
764626
764690
764722
764754
764818
764786
764850
764882
764914
764946
764978
765010
765042
765074
765106
765138
765170
765202
765234
765266
765298
765330
765362
765394
765426
765458
765490
765522
765554
765586
765618
765650
765682
765714
765746
765778
765810
765842
765874
765906
765938
765970
766002
766098
766066
766034
766130
766194
766162
766226
766258
766290
766322
766354
766418
766386
766450
766482
766514
766546
766578
766610
766674
766642
766706
766738
766770
766802
766834
766866
766898
766930
766994
766962
767058
767026
767090
767122
767154
767186
767218
767250
767282
767314
767346
767378
767410
767442
767474
767506
767538
767570
767602
767666
767634
767698
767730
767762
767794
767826
767858
767890
767922
767986
767954
768018
768050
768082
768114
768146
768178
768242
768210
768274
768306
768434
768370
768338
768402
768466
768498
768530
768562
768594
768626
768658
768690
768722
768754
768786
768818
768850
768882
768914
768946
769042
768978
769010
769106
769074
769138
769170
769202
769234
769266
769298
769330
769394
769362
769426
769458
769490
769522
769586
769618
769554
769650
769682
769714
769746
769778
769810
769842
769874
769906
769938
769970
770034
770002
770162
770098
770066
770130
770194
770226
770258
770290
770322
770354
770386
770418
770450
770482
770546
770514
770578
770610
770642
770674
770738
770706
770802
770770
770834
770866
770898
770930
770962
770994
771026
771058
771090
771122
771186
771154
771218
771250
771282
771314
771346
771378
771410
771442
771474
771538
771506
771570
771602
771634
771666
771698
771730
771794
771826
771762
771858
771890
771922
771954
771986
772018
772050
772082
772146
772114
772178
772210
772242
772306
772338
772274
772370
772402
772434
772466
772498
772530
772562
772594
772626
772658
772690
772722
772754
772786
772818
772882
772850
772914
772946
772978
773010
773042
773074
773106
773138
773170
773202
773234
773298
773266
773330
773362
773394
773426
773458
773490
773522
773554
773586
773618
773650
773682
773714
773778
773746
773810
773842
773874
773906
773938
773970
774002
774034
774066
774098
774162
774130
774194
774226
774258
774290
774322
774354
774386
774418
774450
774482
774514
774546
774578
774610
774642
774674
774706
774738
774802
774770
774834
774866
774898
774930
774962
774994
775026
775058
775090
775122
775154
775186
775218
775250
775282
775314
775346
775378
775410
775442
775474
775538
775506
775602
775570
775666
775634
775698
775730
775762
775794
775826
775858
775922
775890
775954
775986
776018
776082
776114
776050
776146
776210
776178
776242
776274
776306
776338
776402
776434
776370
776466
776498
776530
776562
776594
776626
776658
776722
776754
776690
776786
776818
776850
776882
776914
776946
777010
776978
777042
777074
777106
777170
777138
777202
777234
777266
777330
777298
777362
777394
777426
777458
777490
777522
777554
777586
777618
777650
777682
777714
777746
777778
777810
777842
777874
777906
777938
777970
778002
778066
778034
778098
778130
778162
778194
778226
778290
778258
778322
778354
778386
778418
778450
778482
778546
778514
778578
778610
778674
778642
778770
778706
778738
778802
778834
778898
778930
778866
778962
778994
779026
779058
779122
779090
779154
779186
779218
779250
779282
779314
779346
779378
779410
779442
779474
779506
779538
779570
779602
779634
779698
779666
779730
779762
779826
779794
779858
779890
779922
779986
779954
780050
780018
780082
780114
780146
780210
780178
780242
780306
780274
780338
780370
780402
780434
780466
780498
780530
780562
780594
780626
780658
780722
780690
780754
780786
780818
780882
780850
780914
780946
780978
781010
781042
781074
781106
781138
781170
781202
781234
781266
781298
781330
781394
781362
781426
781458
781490
781522
781554
781586
781618
781650
781682
781714
781746
781778
781810
781842
781906
781874
781938
781970
782002
782034
782130
782098
782066
782162
782226
782194
782258
782290
782322
782354
782386
782418
782450
782482
782514
782546
782610
782578
782642
782674
782706
782738
782770
782834
782802
782866
782898
782930
782962
782994
783026
783058
783090
783122
783154
783186
783250
783218
783282
783346
783314
783378
783410
783442
783506
783474
783538
783570
783634
783602
783666
783730
783762
783698
783794
783826
783858
783890
783954
783922
783986
784018
784050
784082
784114
784146
784210
784178
784242
784274
784306
784338
784370
784402
784434
784466
784498
784530
784562
784594
784626
784658
784690
784722
784786
784754
784818
784850
784882
784914
784946
784978
785010
785042
785074
785106
785138
785170
785202
785234
785266
785298
785330
785362
785394
785426
785458
785490
785522
785554
785586
785618
785682
785650
785714
785746
785778
785842
785810
785874
785906
785938
785970
786002
786034
786066
786098
786130
786162
786194
786226
786258
786290
786322
786354
786386
786418
786450
786482
786514
786546
786578
786610
786674
786642
786706
786738
786770
786802
786834
786866
786898
786930
786962
786994
787026
787058
787090
787122
787186
787154
787250
787218
787314
787282
787346
787378
787410
787442
787474
787506
787538
787570
787602
787666
787634
787698
787730
787762
787794
787826
787858
787922
787890
788018
787986
787954
788082
788050
788114
788146
788178
788210
788242
788274
788306
788338
788370
788402
788434
788466
788498
788530
788594
788626
788562
788658
788690
788722
788754
788786
788818
788882
788850
788914
788946
789010
788978
789042
789074
789106
789138
789170
789202
789234
789266
789298
789362
789330
789394
789426
789458
789490
789554
789522
789586
789618
789650
789682
789746
789714
789778
789842
789810
789906
789874
789938
789970
790002
790034
790066
790098
790130
790162
790258
790194
790226
790290
790322
790354
790418
790386
790482
790450
790514
790546
790578
790610
790642
790674
790706
790738
790770
790802
790834
790866
790930
790898
790962
790994
791026
791058
791122
791090
791186
791154
791218
791250
791282
791314
791346
791378
791442
791410
791474
791506
791538
791570
791602
791634
791666
791698
791730
791762
791794
791826
791858
791890
791922
791954
791986
792018
792082
792050
792114
792146
792178
792210
792242
792274
792306
792370
792402
792338
792434
792466
792498
792530
792562
792594
792626
792658
792690
792722
792754
792786
792818
792850
792882
792914
792946
792978
793010
793074
793042
793138
793106
793170
793202
793234
793266
793298
793330
793362
793394
793426
793458
793490
793554
793522
793586
793618
793682
793650
793746
793714
793778
793810
793842
793874
793906
793938
793970
794002
794066
794034
794098
794130
794162
794194
794226
794258
794290
794322
794354
794386
794418
794450
794482
794514
794546
794578
794610
794642
794674
794706
794738
794770
794802
794834
794866
794898
794930
794962
794994
795026
795058
795090
795122
795154
795186
795218
795250
795282
795314
795346
795378
795410
795442
795474
795506
795538
795570
795634
795602
795666
795698
795730
795794
795762
795826
795858
795890
795954
795986
795922
796018
796050
796114
796082
796146
796178
796210
796242
796274
796306
796338
796402
796434
796370
796466
796498
796530
796562
796594
796626
796690
796658
796722
796754
796786
796818
796850
796882
796914
796946
797010
796978
797042
797074
797106
797138
797170
797202
797234
797266
797298
797330
797362
797394
797426
797458
797490
797554
797522
797586
797618
797650
797682
797714
797746
797778
797842
797810
797874
797906
797970
797938
798002
798034
798098
798066
798130
798162
